(((((Loxodonta:0.04258,Echinops:0.05825):0.01403,
(Equus:0.03617,Bos:0.05571):0.00790):0.00308,((Heteroceph:0.04119,
Cavia:0.04205):0.04193,((Macaca:0.02116,(Homo:0.00274,
Gorilla:0.00366):0.00895):0.01314,Callithrix:0.01511):0.03422):0.01107):0.01547,
Felis:0.02076):0.00389,Canis:0.02599,Ailuropoda:0.04419);
